image: map_v2_occuGrid.png
resolution: 0.05
origin: [21.77500114440918, -19.425000762939455, 0.0000]
negate: 0
occupied_thresh: 0.65
free_thresh: 0.196